0 0.266540 2.427014 0.402788 0.377645 1.763494 0.688114 1.750016 0.204251 0.333420 5.248685 0.000000
1 0.360526 1.461651 0.429188 0.421006 1.475293 1.034684 1.140502 0.187482 0.244444 4.665694 0.000000
2 0.038573 0.132752 0.130322 1.092911 0.172777 0.434132 0.541154 0.460905 0.577730 0.936689 0.000000
0 0.435277 2.002941 0.481416 0.408643 2.251111 0.617183 1.425848 0.220621 0.446510 3.193319 0.000000
0 0.290788 2.111591 0.432650 0.361260 2.285499 0.478393 1.620584 0.246720 0.316905 5.113778 0.000000
1 0.164483 0.771230 0.449408 0.302488 1.674761 0.590943 0.647326 0.137228 0.222413 2.910467 0.000000
2 0.019433 0.038622 0.288571 0.852654 0.257168 0.291274 0.345938 0.299237 0.316071 1.094495 0.000000
2 0.008140 0.350380 0.235613 0.980885 0.193603 0.107636 0.161354 0.190474 0.288088 0.560084 0.000000
3 0.032300 0.312150 0.504130 0.529928 0.813166 0.225732 0.342753 0.153321 0.307991 1.112867 0.000000
1 0.063304 1.151147 0.412199 0.336884 1.305270 0.382482 0.584287 0.066591 0.115108 5.075989 0.000000
3 0.031362 0.331730 0.582130 0.483844 0.946980 0.167607 0.253478 0.183134 0.289287 0.876217 0.000000
3 0.032076 0.806992 0.570416 0.451444 0.999589 0.182228 0.269224 0.169299 0.246846 1.090654 0.000000
-1