1.959920227527618408e-01
3.614894151687622070e-01
6.423524022102355957e-01
2.420930266380310059e-01
6.942737698554992676e-01
1.757942885160446167e-01
3.777486681938171387e-01
6.737288087606430054e-02
1.639018058776855469e-01
2.412320822477340698e-01
5.000000000000000000e-01
3.589743375778198242e-02
6.764196790754795074e-03
2.515259683132171631e-01
7.985819578170776367e-01
9.230261296033859253e-02
1.326180398464202881e-01
1.605033725500106812e-01
1.366801559925079346e-01
1.452675461769104004e-01
7.914754003286361694e-02
5.000000000000000000e-01
3.038060069084167480e-01
2.555381655693054199e-01
5.520308017730712891e-01
1.561046689748764038e-01
9.411481022834777832e-01
2.007693797349929810e-01
4.356832504272460938e-01
7.580468803644180298e-02
1.309448331594467163e-01
3.723592460155487061e-01
5.000000000000000000e-01
2.696072459220886230e-01
2.877140045166015625e-01
9.049615859985351562e-01
4.235557317733764648e-01
9.211567640304565430e-01
1.165262311697006226e-01
3.106144964694976807e-01
1.448579281568527222e-01
3.051995635032653809e-01
6.764960289001464844e-02
5.000000000000000000e-01
4.959070682525634766e-01
2.457805573940277100e-01
5.018944144248962402e-01
7.388255596160888672e-01
6.677519083023071289e-01
2.975737452507019043e-01
3.869782984256744385e-01
2.528569400310516357e-01
3.409520089626312256e-01
8.425099402666091919e-02
5.000000000000000000e-01
1.155315265059471130e-01
1.123615279793739319e-01
6.769867539405822754e-01
3.143658936023712158e-01
4.662737548351287842e-01
1.335020810365676880e-01
2.478312104940414429e-01
7.268070429563522339e-02
1.321609765291213989e-01
1.808020174503326416e-01
5.000000000000000000e-01
1.332552880048751831e-01
1.454107463359832764e-01
7.607046961784362793e-01
1.819499135017395020e-01
6.572784185409545898e-01
8.057025820016860962e-02
2.567512094974517822e-01
6.740909069776535034e-02
1.076618283987045288e-01
2.437551468610763550e-01
5.000000000000000000e-01
4.962927103042602539e-02
2.469010278582572937e-02
5.373294949531555176e-01
5.068193078041076660e-01
1.479983329772949219e-01
1.387798190116882324e-01
1.914866715669631958e-01
9.274176508188247681e-02
1.147030591964721680e-01
1.521794646978378296e-01
5.000000000000000000e-01
9.974060580134391785e-03
1.320117264986038208e-01
1.165013909339904785e-01
9.660822749137878418e-01
4.772906750440597534e-02
3.894018754363059998e-02
6.634294986724853516e-02
8.119770884513854980e-02
1.309927850961685181e-01
0.000000000000000000e+00
5.000000000000000000e-01
4.189633429050445557e-01
3.023311197757720947e-01
3.066800832748413086e-01
6.675558686256408691e-01
5.599795579910278320e-01
4.484689533710479736e-01
6.240882277488708496e-01
6.462995707988739014e-02
1.214550361037254333e-01
6.068485379219055176e-01
5.000000000000000000e-01
2.457337826490402222e-01
1.265009790658950806e-01
5.335483551025390625e-01
4.905030131340026855e-01
5.060130357742309570e-01
1.496678590774536133e-01
4.511822760105133057e-01
1.203664392232894897e-01
1.859666407108306885e-01
2.596666812896728516e-01
5.000000000000000000e-01
5.311869978904724121e-01
1.933587491512298584e-01
4.515922665596008301e-01
5.261529088020324707e-01
6.185706257820129395e-01
2.630848586559295654e-01
5.951816439628601074e-01
9.773179143667221069e-02
4.167276322841644287e-01
1.262335628271102905e-01
5.000000000000000000e-01
2.068659216165542603e-01
3.061802685260772705e-01
8.293923735618591309e-01
2.443214803934097290e-01
7.869073748588562012e-01
1.225645542144775391e-01
2.577663362026214600e-01
1.035879999399185181e-01
1.306581497192382812e-01
1.935416460037231445e-01
5.000000000000000000e-01
1.233868226408958435e-01
2.755149900913238525e-01
4.064404666423797607e-01
1.233272030949592590e-01
4.578176438808441162e-01
2.670985460281372070e-01
3.355574607849121094e-01
2.110376395285129547e-02
3.210659325122833252e-02
1.000000000000000000e+00
5.000000000000000000e-01
1.721001863479614258e-01
3.753231465816497803e-02
6.345095634460449219e-01
2.787421643733978271e-01
4.970387220382690430e-01
1.479150801897048950e-01
2.997616529464721680e-01
4.452296718955039978e-02
1.133063286542892456e-01
2.787650525569915771e-01
5.000000000000000000e-01
3.294079899787902832e-01
7.293477058410644531e-01
5.277785062789916992e-01
2.912154495716094971e-01
1.000000000000000000e+00
2.517035603523254395e-01
3.708364665508270264e-01
1.640839278697967529e-01
2.011121660470962524e-01
1.809467226266860962e-01
5.000000000000000000e-01
3.123086094856262207e-01
4.652949869632720947e-01
4.330384731292724609e-01
2.475648820400238037e-01
7.142832875251770020e-01
3.088632524013519287e-01
4.860833287239074707e-01
8.325503021478652954e-02
1.316156536340713501e-01
4.208679199218750000e-01
5.000000000000000000e-01
1.548079997301101685e-01
8.533405512571334839e-02
5.830677747726440430e-01
3.687354624271392822e-01
4.502436816692352295e-01
1.861461997032165527e-01
2.802765071392059326e-01
5.903084576129913330e-02
9.523779898881912231e-02
3.115856051445007324e-01
5.000000000000000000e-01
6.543397158384323120e-02
1.166529804468154907e-01
8.011269569396972656e-01
3.770249187946319580e-01
4.821839332580566406e-01
9.918360412120819092e-02
1.588786244392395020e-01
6.224512681365013123e-02
1.411457508802413940e-01
8.186846226453781128e-02
5.000000000000000000e-01
3.242705762386322021e-01
3.875237703323364258e-01
4.636546671390533447e-01
1.365241557359695435e-01
7.458982467651367188e-01
3.057810962200164795e-01
3.809593617916107178e-01
5.181516706943511963e-02
9.488632529973983765e-02
4.473508894443511963e-01
5.000000000000000000e-01
1.366044580936431885e-01
4.537166357040405273e-01
5.667346119880676270e-01
1.248633414506912231e-01
8.272609114646911621e-01
1.791452765464782715e-01
2.820904850959777832e-01
1.800221949815750122e-02
4.275182262063026428e-02
6.688161492347717285e-01
5.000000000000000000e-01
2.180750307161360979e-04
0.000000000000000000e+00
4.567629992961883545e-01
6.568603515625000000e-01
0.000000000000000000e+00
6.442895531654357910e-02
1.158411279320716858e-01
6.210739910602569580e-02
9.911167621612548828e-02
8.668237924575805664e-02
5.000000000000000000e-01
6.328076869249343872e-02
1.245191693305969238e-01
1.000000000000000000e+00
3.168281912803649902e-01
5.760180354118347168e-01
6.953272968530654907e-02
1.133374497294425964e-01
7.745340466499328613e-02
1.316044330596923828e-01
4.682004451751708984e-02
5.000000000000000000e-01
6.491977721452713013e-02
3.154537379741668701e-01
9.701332449913024902e-01
2.745060324668884277e-01
6.129089593887329102e-01
7.699123769998550415e-02
1.213698387145996094e-01
7.039587199687957764e-02
1.099543198943138123e-01
7.857867330312728882e-02
5.000000000000000000e-01
2.001561075448989868e-01
2.952443063259124756e-01
5.798551440238952637e-01
1.579908579587936401e-01
5.998983383178710938e-01
2.130801528692245483e-01
3.662168085575103760e-01
7.531905174255371094e-02
8.044017106294631958e-02
5.041651725769042969e-01
5.000000000000000000e-01
1.000000000000000000e+00
3.188894987106323242e-01
3.705209195613861084e-01
6.245727539062500000e-01
7.110134959220886230e-01
4.816029369831085205e-01
6.952656507492065430e-01
2.051666229963302612e-01
3.533530831336975098e-01
2.022641301155090332e-01
5.000000000000000000e-01
7.723756134510040283e-02
1.135105192661285400e-01
5.163127183914184570e-01
0.000000000000000000e+00
5.687490701675415039e-01
1.211555972695350647e-01
2.015656679868698120e-01
0.000000000000000000e+00
1.773236505687236786e-02
8.730587959289550781e-01
5.000000000000000000e-01
6.111149787902832031e-01
2.424749881029129028e-01
5.357767343521118164e-01
2.482297420501708984e-01
8.739640712738037109e-01
2.825888991355895996e-01
4.252609312534332275e-01
7.931178063154220581e-02
1.753948628902435303e-01
2.585332393646240234e-01
5.000000000000000000e-01
0.000000000000000000e+00
2.315904945135116577e-01
9.469416737556457520e-01
3.637103438377380371e-01
1.885629594326019287e-01
3.099401481449604034e-02
7.468650490045547485e-02
2.691048569977283478e-02
6.302765756845474243e-02
8.701072633266448975e-02
5.000000000000000000e-01
6.404724717140197754e-01
2.738585770130157471e-01
3.837918639183044434e-01
4.093725383281707764e-01
8.906204104423522949e-01
2.704770565032958984e-01
6.833186149597167969e-01
7.059940695762634277e-02
1.532198488712310791e-01
5.291883945465087891e-01
5.000000000000000000e-01
7.614948600530624390e-02
2.055211812257766724e-01
8.987149596214294434e-01
6.302431225776672363e-01
5.549454092979431152e-01
1.040664911270141602e-01
1.420027762651443481e-01
1.460740417242050171e-01
1.994277387857437134e-01
2.566806599497795105e-02
5.000000000000000000e-01
1.048825960606336594e-02
3.566259145736694336e-02
1.378573030233383179e-01
8.754946589469909668e-01
2.198489569127559662e-02
8.114668726921081543e-02
1.511880308389663696e-01
7.899142801761627197e-02
1.577298343181610107e-01
5.957491323351860046e-02
5.000000000000000000e-01
4.423730969429016113e-01
1.413723975419998169e-01
4.051604866981506348e-01
2.278511077165603638e-01
6.329247951507568359e-01
3.538284897804260254e-01
3.877230882644653320e-01
5.522380769252777100e-02
7.748299092054367065e-02
5.568275451660156250e-01
5.000000000000000000e-01
2.320248931646347046e-01
7.674633711576461792e-02
5.551516413688659668e-01
5.362932682037353516e-01
4.903532266616821289e-01
2.119094133377075195e-01
3.500648140907287598e-01
1.078623086214065552e-01
2.168525010347366333e-01
1.498924642801284790e-01
5.000000000000000000e-01
1.168239116668701172e-01
1.000000000000000000e+00
7.391448616981506348e-01
5.315189361572265625e-01
8.747677803039550781e-01
1.270117908716201782e-01
3.436597287654876709e-01
7.653263211250305176e-02
1.233072876930236816e-01
2.994721233844757080e-01
5.000000000000000000e-01
2.378371655941009521e-01
6.512342393398284912e-02
5.639581084251403809e-01
6.897841095924377441e-01
4.004635512828826904e-01
2.260877639055252075e-01
2.983991205692291260e-01
1.291619539260864258e-01
2.394366264343261719e-01
9.934336692094802856e-02
5.000000000000000000e-01
4.778298139572143555e-01
2.389054745435714722e-01
4.154202938079833984e-01
4.351707994937896729e-01
6.997917294502258301e-01
3.085877895355224609e-01
5.450519323348999023e-01
1.098410785198211670e-01
1.187151670455932617e-01
5.339691638946533203e-01
5.000000000000000000e-01
5.196428298950195312e-01
4.631596803665161133e-01
5.517681837081909180e-01
3.606368303298950195e-01
9.853794574737548828e-01
2.790261805057525635e-01
4.110274910926818848e-01
9.623458981513977051e-02
2.334289252758026123e-01
1.706185191869735718e-01
5.000000000000000000e-01
2.279778867959976196e-01
3.980619832873344421e-02
6.484918594360351562e-01
3.806496560573577881e-01
5.033203363418579102e-01
1.670176237821578979e-01
3.460930287837982178e-01
8.051771670579910278e-02
1.485471129417419434e-01
2.429913878440856934e-01
5.000000000000000000e-01
2.568992078304290771e-01
1.849526017904281616e-01
5.352413058280944824e-01
2.942537665367126465e-01
4.675934612751007080e-01
3.018648922443389893e-01
3.797646462917327881e-01
9.107929468154907227e-02
1.680700182914733887e-01
2.355120629072189331e-01
5.000000000000000000e-01
7.457796931266784668e-01
3.832809329032897949e-01
5.658779740333557129e-01
7.051442265510559082e-01
7.438183426856994629e-01
2.867198586463928223e-01
1.000000000000000000e+00
2.084819078445434570e-01
3.110598623752593994e-01
3.771561086177825928e-01
5.000000000000000000e-01
1.134655550122261047e-01
1.771551072597503662e-01
0.000000000000000000e+00
1.000000000000000000e+00
1.980442702770233154e-01
1.965307593345642090e-01
3.020123243331909180e-01
2.119706422090530396e-01
3.295548260211944580e-01
5.334691703319549561e-02
5.000000000000000000e-01
